match1 1_01_00: 329 384 405 436 464 492 515 540 569 590 
match1 1_02_00: 1 14 30 51 77 104 117 143 171 200 224 246 274 286 316 343 369 395 414 431 457 
match1 1_02_01: 1 22 40 62 90 128 
match1 1_02_02: 6 44 64 91 123 148 164 
match1 1_02_03: 1 
match1 1_02_04: 15 70 
match1 1_03_04: 0 32 58 90 
match1 1_03_05: 5 26 60 89 118 136 160 184 205 230 261 289 310 339 
match1 1_03_06: 13 31 56 89 107 126 151 187 
match1 1_06_06:  4 29 57 79 108 
match1 1_06_08: 12 40 52 
match1 1_06_09: 46 68 100 137 157 181 211 235 253 298 316 346 369 398 
match2 1_00_02: 11 72 108 126 156 187 215 233 262 294 311 361 372 404 441 475 498 532 
match2 1_02_03: 61 130 153 184 203 
match2 1_04_03: 45 114 135 167 179 204 
match2 1_06_08:  59 127 159 178 200 251 270 
match2 1_06_09:  67 134 158 179 199 222 266 289 316 376 
match2 1_08_11:  68 132 145 169 200 226 244 
match2 1_08_12:  105 130 167 177 199 
match2 1_09_12: 61 121 156 188 211 248 264 304 327 365386 
match3 1_01_00: 32 58 85 100 129 157 206 236 265 292 362 406   
match3 1_08_10: 8 37 56 
match3 1_12_17: 83 107 138 153 179 206 230 302 
match3 2_04_07:  66 107 128 147 159 188 203 232  256 293 314 341 361 408 412 439 469 511 543 555 584
match3 2_10_12: 74 92 116 138 154 172 
match3 2_18_15: 59 80 100 137 149 178 211 255 265 298 324 345 386 399 429 449 474 510 540 577 590 630 649 683 707 738 785 822 857 873 904 919 940 977 1015 1049 1086 1102  
match3 3_11_10:  47 69 95 129 148 160 
match4 1_03_02: 7 22 45 55 80 90 122 148 158 182 212 246 266 286 299 323 
match4 1_15_10:  0 31 45 56 74 110 126 148 172 195 249 263 287 309 327 334 344 
match4 2_02_05: 29 40 56 80 122 132 148 168 190 212 237 286 293 319 344 371 392 431 
match4 2_05_07:  21 51 67 70 94 126 142 163 194 217 248 317 339 367 
match4 2_14_17: 0 16 48 71 81  105 140 158 174 
match4 3_02_00: 13 40 54  76 98 120 154 170 192 234 243 274 301 
match4 3_07_05: 19 51 67 90 125 
match4 3_18_17:  20  48 62 80 113 134 154 188 199 219 244 269 304 328 352 387 417 428 450 491 509 516 526 
match5 1_01_01: 0 15 47 69 86 114 130 154 178 204 242 270  297 312 337  367 376 389 408 433 459 484 521 539 564 596 616 686 
match5 1_01_02: 5 34 50 77 100 130 145 168 218 250 275 295 316 341 365 388 440 450 471
match5 1_19_18: 0 18 33 58 93 102 123 145 167 214 
match5 1_21_19: 2 16 35 55 100 115 135 155 176 209 235 250 271 293 309 317 343 360 384 403 439 467 474 498 517 535 559 586 612 
match5 2_15_13: 22 34 45 75 96 119 146 156 181 196 219 252 298 312 337 367 377 402 433 451 464 481 
match5 2_20_17: 3 15 36 66 96 118 146 154 193 216 235 264 277 302 322 341 385 426 492 547 554 575 593 601 625 662 
match6 1_02_00:  83 100 144 167 192 215 260 278 311 335 392 416 448 461 
match6 1_05_03: 17 39 57 88 109 147 200 217 251 294 327 369 385 397  426 433 464 517 542 565 584 609 640 655 688 706 740 765 803 836 867 880 910 926  955 991 1021 
match6 1_11_04: 35 55 81 123 138 160 174 186 201 224 254 282 326 348 355 385 427 453 484 513 
match6 1_15_06: 5 25 48 92 133 156 194 222 250 310  339 377 406 436 467 492 559 598 618 644 679 696 731  747 780 829 
match6 1_19_12:  17 36 63 88 135 166 196 220 257 271 
match7 1_02_01:  19 35 55 89 107 129 152 188 211 221 243 268 301 322 355 381 408 436 467 516 540 570 599 
match7 1_12_13:  7 29 48 74 109 121 149 168 188 213 275 299 325 352 404 428 457 482 556 
match7 2_05_03:  5 28 60  93 132 149 173 185 222 241 275 294 322 381 405 415 442 475 512 544 574 605 628 671 712 733 756 796 835 859 894 
match7 2_14_15:  12 34 53 74 131 149 166 188 211 254 275 301 329 365 388 411 440 460 
match7 3_08_05:  3 17 49 71 96 116 163 193 217 242 283 310 326 350 385 409 
match8 1_01_00:  26 50 86 119 156 180 214 252 264 293 317 
match8 1_05_13: 25 45 71 93 141 176 188 210 225
match8 2_03_06:  14 42 74 93 118 148 173 190 221 245 281 302 331 360 401 431 473 483 525 548 592 615 653 686 704  729 765 801 828 868 909 920 952 981 
match8 2_10_12: 17 36 59 85 108 130 179 194 223 253 287 309 340 383 409 436 477 
match8 3_02_00: 20 34 61
match8 3_15_08: 21 43  69 130 
match8 3_17_12: 77 97 120 148 175 195 232 256 286 310 356  376 386 416 444 470 534 
match8 3_21_13: 8 23 45 71 109 130 148 193 213 244 266 298 
match9 1_01_03: 8 33 43 62 82 102 124 163 180 193 211 220 250 260 275 295 329 341 368 389 413 448 462 492 507 535 555 587 608 633 664 695 720 745 770 795 
match9 1_02_03: 1 17 36 60 107 119 140 150 165 185 209 233 258 
match9 1_04_05: 10 28 50 69 102 113 134 150 167 188 
match9 1_05_06: 10 27 51 74 113 129 147 162 180 201 211 
match9 1_06_06: 2 22 62 93 113 128 148 178 
match9 1_07_07: 1 24 38 56 80 101 141 154 181 211 221 248 
match9 1_07_10: 1 14 53 71 81 95 112  135 173 203 234 244 271 295 338 360 381 417 437 465 508 
match9 1_07_11: 10 32 52 85 114 126 153 176 200 230 
match9 1_07_14: 1 8 19 50 73 95 118 158 
match10 1_03_01: 20 42 68 111 144 161 190 229 241 271 310  335  365 419 464 485 515
match10 1_03_03: 30 50 70 95 128 135 170 200 229 255 275 314 326 354 394 429 452 470
match10 1_12_16:  40 65 90 129 147 180 203 231 280 305 332 415  433 
match10 2_04_02: 10 30 71 89 111  149 164 192 210 248 278 
match10 2_14_08: 28 47 67 88 138 164 194 218 259 284 314 352 366 422 466 508 534 563 589 654 690 705
match11 1_03_01: 20 40 62 90 142 154 176 203 253 278  311 351 374 406 444 486 507 523 
match11 1_07_06: 48 69 89 124 136 163 182 226 259 269 313 350 
match11 1_13_13:33 53 80 159 182 194 203 220 241 257 271 299 328 354 381 422 442 466 475 486 502 515 525 571 596 627 693 733
match11 2_05_00: 10 35 60 108 123 150 165 187 221 240 270 296 323
match11 2_05_04: 3 23 48 95 109 125 137 149 163 181 208 240 266 319 334 364 416 430 462 493 536 562 595 626 
match12 1_01_00: 10 40 80 120 142 174 217 242 273 311 329 349 372 407 442 481 519 546 581 610 640 
match12 1_10_12: 20 40 80 120 160 184 215 248 273 306 348 383 410 455 467 504  541 556 586 631 649 672 716 750 763 783 
match12 2_01_01: 0 17 58 93 130 166 206 218 248 294 307 337 375 402 447 
match12 2_05_14:  18 42 79 114 128 151 180 219 247 280 292 321 362 380 406 442 478 498 529 572 610 629 660 680 724 
match12 3_03_03: 20 30 60 87 100 121 156 174 202 245 247 290 323
match13 1_09_10: 30 48 70 96 12 136 155 183 202 228 247 282 300 325 356 392 414 447 470 500
match13 1_17_15:  50 77 107 116 137 153 176 192 219 241 262 
match13 2_06_05: 25 48 78 112 144 167 189 221 259 281 306 326 351  401 426 449 468 522 533 557 570 596 618 664 697 726 739 767 795 831 
match13 2_06_05: 50 70 97 124 156 
match13 2_09_08: 15 55 85 
match13 2_17_11: 10 35 65 85 112 145 175 191 224 255 271 298 352 377 
match14 1_17_14:  60 80 117 138 165 177 200 213 235 247 263 295 307 333 360 399 433 460 485 515 545 580 602 629 640 
match14 2_13_06: 50 65 85 110 165 180 205 227 281 296 328 354 387 428 441 470 497 
match14 2_15_10: 60 80 90 100 118 
match14 2_19_13: 70 100 123 135 169 194 220 250 305 338 360 390 425 460 495 508 532  558 572 604 627 660 
match14 2_21_17: 30 50 80 100 120 140 175 192 212 239 260 308 327 355 
match15 1_21_12: 36 58 78 109 141 160 184 206 238 
match15 2_14_08: 5 39 59 84 104 141 
match15 2_16_12: 50 85 109 129 149 184 199 217 237 265 307 337 373 405 425 446 475 490 
match15 2_18_14: 30 50 65 88 118 137 160 179 205 217 230 247 270 283 302 327 358 376 398 435 473 488 514 536 545 568 602 622 664 681 699 724 761 774  801
match15 2_18_14: 45 62 81 101 133 166 178 204 234 254 279 303 332  346  368 393 412 435 505 537 545 569 596 630 
match16 1_03_06: 50 60 90 145 158 180 210 251 265 295 315 345 370 395 425 445 467 505 537 
match16 1_13_20: 60 80 115 133 158 180 230 250 270 300 316 350 
match16 2_08_08: 58 78 98 110 128 138 153 170 185 207 230 264 291 309 340 368 407 
match16 3_12_06: 80 100140 155 188 230 250  292 310 341 364 420 434 465 490 510 520 540 578 603 
match16 3_14_09: 50 70 90 110 130 170 185 208 220 246 260 
match16 3_17_16: 40 60 80 105 142 162 182 202 238 255 279 302 338 
mathc17 1_02_02: 45 66 87 128 151 175 224 235 269 307 325
match17 1_15_13: 95 120 151 183 202 226 248 275 290 320 348 385 408 438 
match17 2_01_01: 30 50 75 103 145 195 210 235 263 291 330 350 381 406 448 
match17 2_08_05: 60 80 110 140 156 178 215 240 260 286 310 331 376 398 430 465 
match17 2_08_05: 40 63 100 120 147 180 190 210 250 286 315 345 375 
match17 2_18_11: 50 70 100 120 151 190 218 240 280 300 330 360 40
match18 1_06_12: 30 80 95 110 131 161 192 210 230 266 287 313 
match18 2_02_02: 20 45 70 101 124 150 185 195 226 253 273 299 322 345 364 392 
match18 3_03_05: 0 35 65 90 129 140 160 180 210 230 250 280 310 332 350 370 390 411  4150 470 500 518 542 554 587 606 623 634
match18 3_12_14: 45 90 110 130 150 170 190 213 237 231 298 325 367 
match18 3_16_17: 30 48 60 84 102 140 152 175 198 220 272 301 320 
match18 3_20_19: 37  57 83 97 120 141 168 182 204 226 265 282 349 342 354 
match19 1_01_01: 40 100 115 143 164 186 215 251 306 336 371 400
match19 1_01_03:  40 60 83 126 147 170 200  239 270 300 339 351 375 410 443 498 520 589 630 653 685 711 733 811 828 852  
match19 1_07_08: 30 95 115 147 175 204 260 285 316 341 383 415 
match19 2_12_06: 46 110 125 150 180 220 236 295 337 375 413 442 472
match19 2_14_08: 137 205 226 253 281 315 333 365 390 420 
match20 1_11_10: 40 50 75 111 147 172 217 213 236 266  304 345 387 407 431 
match20 2_00_01: 28 40 83 107 134 162 204 220 254  
match20 2_05_08: 50 69 100 133 144 177 212 224 247 280 302 327 349 381 399 430 470 496 525 556 614 640 665 696 712 
match20 2_07_08: 20 45 75 112 142 153 162 213 241 307 330 363
match20 2_19_14: 10 27 56 84 148 169 199 230 243 271 300 327  347 352 374 415 
match21 1_02_01: 10 36 69 84 94 111 135 164 176 199 218 227  250 270 291 299 
match21 1_16_17:  15 27 44 64 94 107 135 156 175 195 243 260 293 306 323 338 356 380 399 468 482 505
match21 1_19_19:  8 20 29 40 65 80 100 120 146 
match21 2_02_03: 20 35 55 82 95 105 116 140 153 175 194 206 256 290 311 340 
match21 2_04_04: 10 40 60 80 105 117 141 165 177 196 206 220 236 268 
match21 2_09_08: 4 22 42 74 85 104 125  152 163 184 213 228 254 288 303 327 360 380 403 433 463 478  505 533 
match21 2_12_08: 10 28 56 66 83 109 131 150 182 203 223 254 271 
match22 1_02_01: 29 61 103 118 134 148 166 178 203 229 273 295 324 365 383 413 441 479 501 533 570 599 636 677 715 742  756 783 811 823 854 899
match22 1_07_02: 41 63 100 112 144 171 195 224 268 288 317 355 388
match22 2_17_18: 37 58 80 101 144 160 185 220 272 315 329 355 376 403 428 457 502 515 542 569 585 607
match22 2_18_18: 27 46 70 105 118 144 167 190 220 258 299 313 337 361 396 410 434 472 508
match22 3_15_13: 20 33 43 61 81 104 146 185 201 232 285 310 338 398
match23 1_06_04: 19 64 74 123 162 177 202 213 235 250 264 274 294 305 319 338 363 388 398 425 472 486
match23 1_11_08: 28 58 72 96 120 149 179 191 223 249 278 335 352 376 407 442 454 482 511 528 
match23 1_17_13: 15 37 78 93 119 148 187 230 257 284 333 351 370 398 425 456 504
match23 2_02_03: 28 49 68 88 119 137 169 197 248 262 276 
match23 2_07_03: 17 36 44 61 82 108 133 159 181 211 224 249 265 291 316 332 347 370 440 462 494 519
match23 2_12_08: 29 60 98 114 148 175 191 211 236 272 297 336 362 394 409 435 447 463 478
match24 1_00_01: 10 46 88 115
match24 1_01_01: 16 56 78 112
match24 1_01_02: 33 67 111 142 171 194 223 254 286 322 365 395
match24 1_01_03: 23 54 87 126 165 206 251 278
match24 1_01_04: 23 56 87 122 162 191
match24 1_02_04: 11 41 73 112 157 189 241 275 306 343 369 406 439 490 530 568 603 634 652
match24 1_03_04: 18 64 
match24 1_03_05: 15 65 106 162 213 252 293 322 356 395 427 462 507 543 584 621 657 659
match24 1_04_05: 27
match24 1_05_05: 10 54 96
match25 1_01_00: 653 101 140 168 212 241
match25 1_02_00: 33 66 104 138 170 203 240 285 321
match25 1_03_00: 15 60 92 123 157 200243 269 306 340
match25 1_04_00: 9 53 85 133 175 204 242 272 303 349 398 439
match25 1_05_00: 28 68 111 146 179 205 237 263 290 326 365 397
match25 1_05_01: 20 57
match25 1_05_02: 19 60 102 128 150 182 219 259 276 304
match25 1_05_03: 29 58 97
match25 1_06_03: 50 85 123 162 209 237 272 308 354 405 430 453 482 507 540
match26 1_00_01: 9 57 93 149
match26 1_00_02: 13 53
match26 1_00_03: 11 51 86 120 165 188 219 254
match26 1_01_03: 20 55 90 134 180 201 240 273 320 352 392 444 477 511 531 570 606 642 697
match26 1_02_03: 24 58 87 122 153 189 229 264 302
match26 1_02_04: 22 61 98 139 182 212 247 272 304 328 360 390 416 471 498 524 560 595 617
match26 1_02_05: 20 65 98 146 185 233 260 295 339 372 409 444
test_match1 1_05_02: 31 48 73 112 131 159 187 225 243 168 295 323 374 400 429 454
test_match1 1_05_03: 39 58 86 122 141 171 201 227 261 285 316 352
test_match1 1_06_03: 25 45 79 104 135 164 176 204 217 242 273 294
test_match1 1_07_03: 19 78 102 134 150 166 183 207 241 273 312 326 353 391 414 435 452 480 509 541 585 610 641
test_match1 1_07_04: 54 74 102
test_match1 1_07_06: 23 47 82 103 126 152 195 225 240 273 292
test_match1 1_09_06: 51 74
test_match1 1_09_07: 33 46 76 115 133 160 184 215 230 255 280 309 322 353 378 405 469 492 520 546 564 598 626
test_match1 2_02_07: 9 33 54 70 90 101
test_match1 2_03_08: 27 46 73
test_match1 2_03_10: 34 54 79 121 148 182 192 213 253 273 307 335 366 391 452 469 501 531 547
test_match2 1_03_03: 60 80 110 137 195 212 243 271 296 346 360 389 
test_match2 1_04_04: 40 70 90 118 150 180 207 
test_match2 1_11_11: 11 37 60 100 113 146 170 218 246 270 298 351 371 396 420 468 487 514  559 569 599 628 657 
test_match2 1_13_12: 108 130 168 192 230 248 273 300 326 378 402 430 467 491 529 550 562 584 616 
test_match2 2_08_12: 10 32 57 78 134 152 178 199 227 281 295 323 346 376 402 433 465 489 505 527 560
test_match2 2_02_05: 4 29 61 75 96 119 147 177 191 211 242 271 295 334 354 384 412 446 483 528 553 580 626 645 674 713 
test_match2 1_19_15: 56 76 94 115 140 169 195 249 264 288 313 350 377 409 430 451 482 509 539 586 606 637 667
test_match3 1_02_00: 15 81 95 118 154 179 214 238 269 301 340 367 400 427 459 476 501 529 565 583 617 635
test_match3 1_03_02: 56 76 100 141 174 200 227 256 286 330 350 370
test_match3 1_05_02: 1 67 80 102 131 162 174 201 220 246 286 314 348 375 404 444 470 499 538 552 574 593 620 655 685 702
test_match3 1_05_03: 98 160 173
test_match3 1_06_05: 19 42 98 112 136 145 178
test_match3 1_06_06: 22 87 101 126 156 179 208 234
test_match3 1_08_08: 1 66 90 118 158 174 197 210 227
test_match3 1_08_09: 34 100 121 145 171 198
test_match3 1_09_12: 55 79 99 125 171 192 217 245 283
test_match3 1_09_15: 71 94 123 161 175 196
test_match3 1_10_16: 8 33 59 79 130 146 172 197 228 242 266

























































































































